#activity 1
b <-c(4,15,35)
b*2
12/3
154*87
